100
p0;2;8;5
p1;4;6;4
p2;3;1;2
p3;9;1;5
p4;7;2;2
p5;10;10;2
p6;4;5;1
p7;6;9;1
p8;2;7;5
p9;6;10;4
p10;6;4;1
p11;2;4;3
p12;3;6;3
p13;8;2;4
p14;6;8;5
p15;8;8;4
p16;8;5;3
p17;4;4;2
p18;9;3;5
p19;9;5;1
p20;4;9;4
p21;0;8;5
p22;7;8;5
p23;6;4;3
p24;2;1;1
p25;1;2;3
p26;2;8;4
p27;0;2;5
p28;5;10;4
p29;7;5;3
p30;3;9;2
p31;6;10;4
p32;8;3;3
p33;2;1;1
p34;8;4;4
p35;8;1;5
p36;1;4;2
p37;1;6;5
p38;0;6;5
p39;2;2;4
p40;2;3;4
p41;1;3;3
p42;5;1;3
p43;0;8;5
p44;9;10;4
p45;1;3;1
p46;10;6;4
p47;8;2;1
p48;9;9;3
p49;0;1;1
p50;5;9;4
p51;10;5;1
p52;8;7;4
p53;3;1;1
p54;1;2;2
p55;3;4;5
p56;8;2;5
p57;6;1;3
p58;10;10;3
p59;1;7;3
p60;10;10;2
p61;4;9;3
p62;9;10;1
p63;1;10;3
p64;2;9;5
p65;8;4;3
p66;3;4;1
p67;1;4;4
p68;8;2;3
p69;6;3;1
p70;7;9;1
p71;10;5;4
p72;7;1;5
p73;10;3;4
p74;10;5;4
p75;5;8;4
p76;3;8;2
p77;4;8;3
p78;4;1;4
p79;9;5;1
p80;10;4;1
p81;9;4;5
p82;5;4;3
p83;6;9;5
p84;2;1;4
p85;6;5;3
p86;9;2;2
p87;6;5;5
p88;2;8;2
p89;5;10;3
p90;5;8;2
p91;10;10;2
p92;6;10;2
p93;8;3;2
p94;7;10;5
p95;3;4;1
p96;6;4;2
p97;8;8;4
p98;7;9;3
p99;1;1;3